types_of_crudeoils = 4;
product_names = 6;
num_of_refineries = 4;
product_upper = [50, 60, 70, 45, 35, 32];
product_lower = [40, 50, 60, 40, 30, 24];
oil_api = [36.1, 29.6, 10.9, 60.1];
crude_oil_price = [57, 48, 35, 71];
product_price = [90.45, 93.66, 95.50, 61.25, 101.64, 66.36];
oil_quota = [645000, 575000, 550000, 645000];
product_demand_individual = [[35000, 45000, 50000, 20000, 75000, 25000],
[22000, 38000, 60000, 25000, 35000, 205000],
[76000, 103000, 83000, 47000, 125000, 30000],
[98000, 52000, 223000, 127000, 87000, 13000]];
total_product_demand = [231000, 238000, 416000, 219000, 322000, 273000];
refinery_capacity = [400000, 540000, 625000, 735000];
total_tanker_vessels = 4;
total_tanker_vessels_ships = 8;
// Tanker Deadweight * 8.45 (1 DWT = 8.45 barrels)
tanker_dwt_barrels = [[84500, 205335, 173225, 141115, 101400, 211250, 188857.5,
146523],
[270400, 358280, 226460, 316452.5, 287300, 377715, 242092.5,
332211.5],
[515450, 574600, 557700, 650650, 0, 0, 0, 0],
[929500, 1153425, 1309750, 135200, 0, 0, 0, 0]];
tanker_price = [[13000, 22000, 20000, 15000, 14000, 23000, 21000, 16000],
[25000, 27000, 23000, 25000, 26000, 28000, 25000, 26000],
[30000, 32000, 31000, 33000, 0, 0, 0, 0],
[41000, 44000, 51000, 56000, 0, 0, 0, 0]];
fuel_consumptions_perday = [60000, 66000, 72000, 78000];
trip_days = [[2, 15, 8, 12], [20, 18, 16, 15], [19, 20, 14, 15], [11, 3, 4,
3]];
port_charges = [[109000, 112000, 124000, 135000],
[111000, 114000, 138000, 159000],
[135000, 147000, 158000, 169000],
[136000, 147000, 156000, 177000]];
